# Created by Octave 4.0.0, Tue Aug 22 22:13:14 2017 BRT <cloves@cloves-Inspiron-3442>
# name: A
# type: matrix
# rows: 3
# columns: 2
 1 2
 3 4
 5 6


