# Created by Octave 4.0.0, Tue Aug 22 22:14:16 2017 BRT <cloves@cloves-Inspiron-3442>
# name: v
# type: matrix
# rows: 1
# columns: 100
 0.7127229488039443 0.4817447965348203 0.09377443596272177 0.1929227739604459 0.2185937898130352 0.5043452909169713 0.4041939397732279 0.8786661968949899 0.5342693904806227 0.9350502941437357 0.186898999838671 0.1473271918455641 0.9055983528124373 0.7097608453463989 0.6512175482081917 0.1250202066586724 0.8016688990539131 0.7464766243601573 0.3224923398604116 0.9985448285249972 0.4330165019493864 0.5817799427955127 0.530768499998604 0.2034725882951733 0.6671281593385719 0.8405293209425948 0.8626191627566043 0.2680059065089432 0.8324980828396775 0.04360731093653496 0.810901341580776 0.6932798661942808 0.1450022737638234 0.7440835699157763 0.2066574599462244 0.2804157759004752 0.1393025938482862 0.9296129863650582 0.6217979689236934 0.0412182510646502 0.140403193283643 0.9880899620476651 0.2981673116040478 0.8948196567159599 0.6779015641666539 0.8073549354277522 0.7624244838505522 0.7488615775239862 0.4367296361727142 0.0559251275142371 0.6310332409862879 0.5173497746981627 0.2022570198705479 0.8369372105433998 0.9854624752012169 0.457106292327596 0.1942160122438091 0.4459515478457299 0.2914659047060306 0.1024720190989706 0.9659520633983125 0.9950447703914397 0.9143003053610536 0.5294360937653712 0.02872665229073517 0.1170178363077652 0.6445463322252514 0.9111489327584466 0.6959686671463622 0.2467230284253906 0.8222095764074461 0.8509407546252516 0.5986586073985858 0.08309641700203567 0.489639469315954 0.0003425611407705142 0.57400969466605 0.2587044683800336 0.6115067839732909 0.6472452886222859 0.695355056813008 0.5360753239789098 0.2657670109913517 0.3633471494711376 0.5233938150381273 0.3718208438287524 0.3566665862724771 0.1984785140594383 0.563050665692056 0.3959659904633268 0.9071466260023936 0.2903276779961433 0.410867103534374 0.1658675410499544 0.5432642091324174 0.7952207995013787 0.0721388483252046 0.8116799402433914 0.3615726281679596 0.9763743147174102


